typeChart = { 
'ATTACK DOWN DEFENSE RIGHT' : ['NORMAL', 'FIGHTING', 'FLYING', 'POISON', 'GROUND', 'ROCK', 'BUG', 'GHOST', 'FIRE', 'WATER', 'GRASS', 'ELECTRIC', 'PSYCHIC', 'ICE', 'DRAGON'], 
'NORMAL' : [1.0, 2.0, 1.0, 1.0, 1.0, 1.0, 1.0, 0.0, 1.0, 1.0, 1.0, 1.0, 1.0, 1.0, 1.0], 
'FIGHTING' : [1.0, 1.0, 2.0, 1.0, 1.0, 0.5, 0.5, 1.0, 1.0, 1.0, 1.0, 1.0, 2.0, 1.0, 1.0], 
'FLYING' : [1.0, 0.5, 1.0, 1.0, 0.0, 2.0, 0.5, 1.0, 1.0, 1.0, 0.5, 2.0, 1.0, 2.0, 1.0], 
'POISON' : [1.0, 0.5, 1.0, 0.5, 2.0, 1.0, 2.0, 1.0, 1.0, 1.0, 0.5, 1.0, 2.0, 1.0, 1.0], 
'GROUND' : [1.0, 1.0, 1.0, 0.5, 1.0, 0.5, 1.0, 1.0, 1.0, 2.0, 2.0, 0.0, 1.0, 2.0, 1.0], 
'ROCK' : [0.5, 2.0, 0.5, 0.5, 2.0, 1.0, 1.0, 1.0, 0.5, 2.0, 2.0, 1.0, 1.0, 1.0, 1.0], 
'BUG' : [1.0, 0.5, 2.0, 2.0, 0.5, 2.0, 1.0, 1.0, 2.0, 1.0, 0.5, 1.0, 1.0, 1.0, 1.0], 
'GHOST' : [0.0, 0.0, 1.0, 0.5, 1.0, 1.0, 0.5, 2.0, 1.0, 1.0, 1.0, 1.0, 1.0, 1.0, 1.0], 
'FIRE' : [1.0, 1.0, 1.0, 1.0, 2.0, 2.0, 0.5, 1.0, 0.5, 2.0, 0.5, 1.0, 1.0, 1.0, 1.0], 
'WATER' : [1.0, 1.0, 1.0, 1.0, 1.0, 1.0, 1.0, 1.0, 0.5, 0.5, 2.0, 2.0, 1.0, 0.5, 1.0], 
'GRASS' : [1.0, 1.0, 2.0, 2.0, 0.5, 1.0, 2.0, 1.0, 2.0, 0.5, 0.5, 0.5, 1.0, 2.0, 1.0], 
'ELECTRIC' : [1.0, 1.0, 0.5, 1.0, 2.0, 1.0, 1.0, 1.0, 1.0, 1.0, 1.0, 0.5, 1.0, 1.0, 1.0], 
'PSYCHIC' : [1.0, 0.5, 1.0, 1.0, 1.0, 1.0, 2.0, 0.0, 1.0, 1.0, 1.0, 1.0, 0.5, 1.0, 1.0], 
'ICE' : [1.0, 2.0, 1.0, 1.0, 1.0, 2.0, 1.0, 1.0, 2.0, 1.0, 1.0, 1.0, 1.0, 0.5, 1.0], 
'DRAGON' : [1.0, 1.0, 1.0, 1.0, 1.0, 1.0, 1.0, 1.0, 0.5, 0.5, 0.5, 0.5, 1.0, 2.0, 2.0] }
typeChart = pandas.DataFrame(typeChart)